rec;send;queue;id_1;id_2;mes_id
1587113976423;1587113975989;19;0;2;1
1587113976448;1587113975989;19;0;3;1
1587113980073;1587113980030;19;0;2;2
1587113980105;1587113980031;19;0;3;2
1587113980152;1587113980030;19;0;4;1
1587113983431;1587113983390;19;0;2;3
1587113983452;1587113983390;19;0;3;3
1587113983477;1587113983390;19;0;3;3
1587113983966;1587113983389;19;0;4;2
1587113984289;1587113983389;19;0;4;2
1587113987508;1587113987090;18;0;2;4
1587113987531;1587113987091;18;0;3;4
1587113987835;1587113987090;18;0;4;3
1587113990512;1587113990438;19;0;2;5
1587113990539;1587113990438;19;0;3;5
1587113991038;1587113990437;18;0;4;4
1587113994449;1587113994350;19;0;2;6
1587113994472;1587113994349;19;0;5;1
1587113994514;1587113994349;19;0;4;5
1587113994861;1587113994349;19;0;3;6
1587113997845;1587113997768;19;0;2;7
1587113997865;1587113997768;19;0;5;2
1587113997892;1587113997768;19;0;4;6
1587113998166;1587113997768;18;0;3;7
1587114000710;1587114000542;18;0;2;8
1587114000739;1587114000540;19;0;5;3
1587114000786;1587114000542;19;0;4;7
1587114001071;1587114000541;19;0;3;8
1587114001142;1587114000542;19;0;4;7
1587114001166;1587114000541;19;0;3;8
1587114004787;1587114004177;18;0;2;9
1587114004805;1587114004176;18;0;3;9
1587114004857;1587114004175;17;0;5;4
1587114005184;1587114004175;17;0;5;4
1587114005206;1587114004179;18;0;4;8
1587114005225;1587114004175;17;0;5;4
1587114005952;1587114004179;18;0;4;8
1587114008242;1587114008071;18;0;2;10
1587114008273;1587114008070;18;0;5;5
1587114008320;1587114008070;18;0;5;5
1587114008339;1587114008070;19;0;3;10
1587114008734;1587114008070;19;0;3;10
1587114008766;1587114008071;19;0;4;9
1587114008787;1587114008071;19;0;4;9
1587114009119;1587114008071;19;0;4;9
1587114012252;1587114012080;19;0;2;11
1587114012308;1587114012079;18;0;5;6
1587114012332;1587114012079;19;0;3;11
1587114012664;1587114012080;19;0;4;10
1587114016071;1587114015874;19;0;2;12
1587114016111;1587114015874;19;0;5;7
1587114016134;1587114015874;19;0;3;12
1587114016510;1587114015875;19;0;4;11
1587114019965;1587114019766;19;0;2;13
1587114019992;1587114019765;19;0;5;8
1587114020028;1587114019766;19;0;4;12
1587114020053;1587114019766;19;0;3;13
1587114023991;1587114023696;18;0;5;9
1587114024371;1587114023698;18;0;2;14
1587114024392;1587114023697;18;0;3;14
1587114024441;1587114023699;18;0;4;13
1587114028001;1587114027736;19;0;2;15
1587114028022;1587114027735;18;0;5;10
1587114028067;1587114027737;19;0;4;14
1587114028479;1587114027736;19;0;3;15
1587114031996;1587114031705;19;0;2;16
1587114032015;1587114031705;19;0;5;11
1587114032059;1587114031705;19;0;4;15
1587114032082;1587114031705;19;0;3;16
1587114035853;1587114035639;19;0;2;17
1587114035889;1587114035639;19;0;5;12
1587114035921;1587114035640;19;0;4;16
1587114035940;1587114035639;19;0;3;17
1587114039726;1587114039445;19;0;2;18
1587114039756;1587114039445;19;0;5;13
1587114039789;1587114039445;19;0;3;18
1587114039814;1587114039445;19;0;3;18
1587114040184;1587114039445;19;0;4;17
1587114043641;1587114043305;18;0;5;14
1587114043947;1587114043307;18;0;2;19
1587114043968;1587114043306;18;0;3;19
1587114044415;1587114043308;18;0;4;18
1587114044450;1587114043308;18;0;4;18
1587114047596;1587114047315;19;0;2;20
1587114047643;1587114047315;19;0;5;15
1587114047661;1587114047315;19;0;3;20
1587114048069;1587114047315;19;0;3;20
1587114048092;1587114047316;19;0;4;19
1587114051492;1587114051184;19;0;2;21
1587114051514;1587114051183;19;0;5;16
1587114051551;1587114051184;19;0;4;20
1587114051574;1587114051184;19;0;4;20
1587114051863;1587114051183;19;0;3;21
1587114055324;1587114054982;19;0;2;22
1587114055357;1587114054981;19;0;3;22
1587114055393;1587114054982;19;0;4;21
1587114055765;1587114054981;18;0;5;17
1587114059181;1587114058817;19;0;2;23
1587114059208;1587114058817;19;0;5;18
1587114059246;1587114058818;19;0;4;22
1587114059277;1587114058817;19;0;3;23
1587114063648;1587114062872;18;0;2;24
1587114063686;1587114062871;18;0;3;24
1587114063714;1587114062870;18;0;5;19
1587114064104;1587114062873;18;0;4;23
1587114067131;1587114066753;19;0;2;25
1587114067166;1587114066752;19;0;5;20
1587114067200;1587114066753;19;0;4;24
1587114067227;1587114066753;19;0;3;25
1587114070784;1587114070764;19;0;5;21
1587114071134;1587114070765;19;0;2;26
1587114071167;1587114070764;19;0;3;26
1587114071599;1587114070765;19;0;4;25
1587114074686;1587114074652;19;0;2;27
1587114074713;1587114074652;19;0;5;22
1587114074749;1587114074653;19;0;4;26
1587114074775;1587114074652;19;0;3;27
1587114078568;1587114078521;19;0;2;28
1587114078591;1587114078520;19;0;5;23
1587114078621;1587114078522;19;0;4;27
1587114078639;1587114078521;19;0;3;28
1587114082617;1587114082491;18;0;5;24
1587114083025;1587114082493;18;0;2;29
1587114083054;1587114082492;18;0;3;29
1587114083482;1587114082494;18;0;4;28
1587114083917;1587114082494;18;0;4;28
1587114086582;1587114086520;19;0;2;30
1587114086604;1587114086520;19;0;5;25
1587114086648;1587114086521;19;0;4;29
1587114087000;1587114086520;19;0;3;30
1587114090512;1587114090414;19;0;2;31
1587114090537;1587114090413;19;0;5;26
1587114090567;1587114090413;19;0;5;26
1587114090591;1587114090412;19;0;3;31
1587114090983;1587114090413;19;0;4;30
1587114091014;1587114090413;19;0;4;30
1587114094498;1587114094371;19;0;2;32
1587114094526;1587114094372;18;0;5;27
1587114094569;1587114094371;19;0;4;31
1587114094594;1587114094372;19;0;3;32
1587114098526;1587114098389;19;0;2;33
1587114098545;1587114098390;19;0;5;28
1587114098586;1587114098389;19;0;4;32
1587114098611;1587114098390;19;0;3;33
1587114102667;1587114102404;18;0;5;29
1587114102984;1587114102402;18;0;2;34
1587114103001;1587114102403;17;0;3;34
1587114103375;1587114102403;17;0;3;34
1587114103408;1587114102401;18;0;4;33
1587114106108;1587114106016;19;0;2;35
1587114106128;1587114106016;19;0;5;30
1587114106165;1587114106015;18;0;4;34
1587114106190;1587114106016;19;0;3;35
1587114109666;1587114109497;19;0;2;36
1587114109692;1587114109497;19;0;3;36
1587114109733;1587114109497;19;0;4;35
1587114109755;1587114109497;18;0;5;31
1587114113531;1587114113342;19;0;2;37
1587114113561;1587114113343;19;0;5;32
1587114113593;1587114113342;19;0;4;36
1587114114372;1587114113342;19;0;4;36
1587114114390;1587114113342;19;0;3;37
1587114117153;1587114116919;19;0;2;38
1587114117169;1587114116920;19;0;5;33
1587114117202;1587114116918;19;0;4;37
1587114117223;1587114116919;19;0;3;38
1587114117583;1587114116919;19;0;3;38
1587114120990;1587114120731;18;0;5;34
1587114121364;1587114120728;18;0;2;39
1587114121393;1587114120729;18;0;3;39
1587114121428;1587114120729;18;0;3;39
1587114122265;1587114120727;18;0;4;38
1587114124959;1587114124755;19;0;2;40
1587114125007;1587114124756;19;0;3;40
1587114125032;1587114124756;19;0;3;40
1587114125436;1587114124756;18;0;5;35
1587114125460;1587114124755;19;0;4;39
1587114128896;1587114128646;19;0;2;41
1587114128915;1587114128646;19;0;3;41
1587114128948;1587114128646;19;0;4;40
1587114128965;1587114128646;17;0;5;36
1587114129369;1587114128646;19;0;4;40
1587114132790;1587114132548;19;0;2;42
1587114132836;1587114132549;19;0;5;37
1587114132858;1587114132548;19;0;3;42
1587114133241;1587114132548;19;0;4;41
1587114133258;1587114132548;19;0;4;41
1587114136322;1587114136058;19;0;2;43
1587114136345;1587114136059;17;0;5;38
1587114136387;1587114136058;19;0;4;42
1587114136414;1587114136059;19;0;3;43
1587114140869;1587114140090;18;0;2;44
1587114140892;1587114140091;18;0;3;44
1587114140927;1587114140089;18;0;4;43
1587114140951;1587114140092;18;0;5;39
1587114143866;1587114143583;19;0;2;45
1587114143884;1587114143583;16;0;5;40
1587114143909;1587114143583;19;0;3;45
1587114144306;1587114143582;19;0;4;44
1587114147849;1587114147516;19;0;2;46
1587114147871;1587114147516;18;0;5;41
1587114147923;1587114147517;19;0;4;45
1587114148351;1587114147516;19;0;3;46
1587114151771;1587114151448;19;0;2;47
1587114151814;1587114151448;19;0;3;47
1587114152219;1587114151448;19;0;3;47
1587114152642;1587114151448;18;0;5;42
1587114152671;1587114151447;19;0;4;46
1587114153073;1587114151447;19;0;4;46
1587114155721;1587114155349;19;0;2;48
1587114155736;1587114155350;19;0;5;43
1587114155764;1587114155349;19;0;3;48
1587114156155;1587114155349;19;0;4;47
1587114159706;1587114159294;18;0;5;44
1587114160092;1587114159292;18;0;2;49
1587114160111;1587114159293;18;0;3;49
1587114160163;1587114159293;18;0;3;49
1587114160509;1587114159291;18;0;4;48
1587114163614;1587114163274;19;0;2;50
1587114163634;1587114163275;18;0;5;45
1587114163667;1587114163273;19;0;4;49
1587114163694;1587114163274;19;0;3;50
1587114164071;1587114163274;19;0;3;50
1587114167549;1587114167146;19;0;2;51
1587114167569;1587114167147;17;0;5;46
1587114167604;1587114167145;19;0;4;50
1587114167625;1587114167146;19;0;3;51
1587114171063;1587114171000;16;0;5;47
1587114171438;1587114170999;19;0;2;52
1587114171459;1587114170999;19;0;3;52
1587114171494;1587114170999;19;0;4;51
1587114174884;1587114174849;19;0;2;53
1587114174904;1587114174850;19;0;5;48
1587114174933;1587114174850;19;0;3;53
1587114175735;1587114174849;19;0;4;52
1587114178947;1587114178824;18;0;5;49
1587114179343;1587114178822;18;0;2;54
1587114179379;1587114178823;18;0;3;54
1587114179399;1587114178823;18;0;3;54
1587114179828;1587114178822;18;0;4;53
1587114180172;1587114178822;18;0;4;53
1587114183056;1587114182997;19;0;2;55
1587114183076;1587114182998;17;0;5;50
1587114183508;1587114182997;19;0;4;54
1587114183529;1587114182998;19;0;3;55
1587114186864;1587114186776;19;0;2;56
1587114186890;1587114186777;19;0;5;51
1587114186934;1587114186777;19;0;4;55
1587114186963;1587114186778;19;0;3;56
1587114190874;1587114190769;19;0;2;57
1587114190901;1587114190767;18;0;5;52
1587114190942;1587114190768;19;0;3;57
1587114191385;1587114190768;19;0;4;56
1587114194818;1587114194679;18;0;2;58
1587114194849;1587114194677;19;0;5;53
1587114194902;1587114194679;18;0;4;57
1587114194925;1587114194679;18;0;4;57
1587114195294;1587114194678;18;0;3;58
1587114195326;1587114194679;18;0;4;57
1587114195750;1587114194679;18;0;4;57
1587114198954;1587114198725;18;0;5;54
1587114199333;1587114198726;18;0;2;59
1587114199357;1587114198725;17;0;3;59
1587114199392;1587114198728;18;0;4;58
1587114202812;1587114202621;18;0;2;60
1587114202881;1587114202620;18;0;5;55
1587114202906;1587114202620;18;0;5;55
1587114203315;1587114202620;19;0;3;60
1587114203349;1587114202621;18;0;4;59
1587114206843;1587114206668;19;0;2;61
1587114206860;1587114206667;19;0;5;56
1587114206915;1587114206669;19;0;4;60
1587114207311;1587114206668;19;0;3;61
1587114207342;1587114206668;19;0;3;61
1587114210527;1587114210388;19;0;2;62
1587114210543;1587114210387;19;0;5;57
1587114210569;1587114210389;19;0;4;61
1587114210591;1587114210389;19;0;4;61
1587114210932;1587114210388;19;0;3;62
1587114214459;1587114214276;19;0;2;63
1587114214482;1587114214275;18;0;5;58
1587114214521;1587114214275;18;0;5;58
1587114214547;1587114214276;19;0;3;63
1587114214927;1587114214276;18;0;4;62
1587114218895;1587114218200;17;0;2;64
1587114218924;1587114218199;18;0;3;64
1587114218942;1587114218199;16;0;5;59
1587114219375;1587114218201;18;0;4;63
1587114222459;1587114222184;19;0;2;65
1587114222504;1587114222183;19;0;5;60
1587114222837;1587114222184;19;0;3;65
1587114222869;1587114222185;19;0;4;64
1587114226329;1587114226086;19;0;2;66
1587114226345;1587114226086;19;0;5;61
1587114226389;1587114226087;19;0;4;65
1587114226411;1587114226086;19;0;3;66
1587114226766;1587114226086;19;0;3;66
1587114230299;1587114230013;19;0;2;67
1587114230344;1587114230012;18;0;5;62
1587114230367;1587114230012;19;0;3;67
1587114230784;1587114230013;19;0;4;66
1587114230805;1587114230013;19;0;4;66
1587114234237;1587114233955;19;0;2;68
1587114234254;1587114233955;19;0;3;68
1587114234299;1587114233956;19;0;4;67
1587114234322;1587114233955;18;0;5;63
1587114238061;1587114237655;18;0;5;64
1587114238408;1587114237657;18;0;2;69
1587114238431;1587114237656;18;0;3;69
1587114238921;1587114237658;18;0;4;68
1587114241864;1587114241575;19;0;2;70
1587114241921;1587114241574;19;0;5;65
1587114241946;1587114241575;19;0;3;70
1587114242303;1587114241575;19;0;4;69
1587114242339;1587114241575;19;0;4;69
1587114245730;1587114245441;19;0;2;71
1587114245766;1587114245440;19;0;5;66
1587114245790;1587114245441;19;0;3;71
1587114246222;1587114245441;19;0;4;70
1587114249625;1587114249290;19;0;2;72
1587114249648;1587114249290;19;0;5;67
1587114249694;1587114249290;19;0;3;72
1587114250130;1587114249290;19;0;4;71
1587114250159;1587114249290;19;0;3;72
1587114253635;1587114253312;19;0;2;73
1587114253652;1587114253312;19;0;5;68
1587114253695;1587114253312;19;0;3;73
1587114254042;1587114253313;19;0;4;72
1587114258042;1587114257163;18;0;2;74
1587114258063;1587114257162;18;0;3;74
1587114258117;1587114257161;18;0;5;69
1587114259345;1587114257164;18;0;4;73
1587114261681;1587114261290;19;0;2;75
1587114261707;1587114261289;18;0;5;70
1587114261749;1587114261290;19;0;4;74
1587114261769;1587114261289;19;0;3;75
1587114265588;1587114265214;19;0;2;76
1587114265606;1587114265213;19;0;5;71
1587114265656;1587114265213;19;0;5;71
1587114265679;1587114265213;19;0;3;76
1587114266100;1587114265214;19;0;4;75
1587114266123;1587114265214;19;0;4;75
1587114266488;1587114265214;19;0;4;75
1587114266511;1587114265214;19;0;4;75
1587114269186;1587114269137;19;0;5;72
1587114269641;1587114269138;19;0;2;77
1587114269673;1587114269138;19;0;3;77
1587114270075;1587114269138;19;0;3;77
1587114270096;1587114269141;19;0;4;76
1587114273078;1587114273038;19;0;2;78
1587114273128;1587114273037;18;0;5;73
1587114273160;1587114273037;19;0;3;78
1587114273535;1587114273038;19;0;4;77
1587114277360;1587114276854;18;0;2;79
1587114277412;1587114276852;18;0;5;74
1587114278282;1587114276853;18;0;3;79
1587114278326;1587114276855;18;0;4;78
1587114278349;1587114276853;18;0;3;79
1587114280815;1587114280759;19;0;2;80
1587114280845;1587114280759;19;0;5;75
1587114280882;1587114280760;19;0;4;79
1587114280908;1587114280759;19;0;3;80
1587114284757;1587114284671;19;0;2;81
1587114284780;1587114284671;19;0;5;76
1587114284816;1587114284672;19;0;4;80
1587114284842;1587114284669;19;0;3;81
1587114285272;1587114284669;19;0;3;81
1587114288567;1587114288449;19;0;2;82
1587114288591;1587114288448;19;0;5;77
1587114288627;1587114288448;19;0;5;77
1587114288655;1587114288449;19;0;3;82
1587114289030;1587114288449;19;0;4;81
1587114289065;1587114288449;19;0;4;81
1587114289096;1587114288449;19;0;4;81
1587114292566;1587114292472;19;0;2;83
1587114292605;1587114292472;19;0;5;78
1587114292635;1587114292472;19;0;3;83
1587114293510;1587114292473;18;0;4;82
1587114296702;1587114296489;17;0;5;79
1587114297098;1587114296487;18;0;2;84
1587114297120;1587114296488;18;0;3;84
1587114297153;1587114296486;18;0;4;83
1587114300582;1587114300405;19;0;2;85
1587114300608;1587114300405;19;0;3;85
1587114300639;1587114300405;19;0;3;85
1587114300663;1587114300406;16;0;5;80
1587114301115;1587114300404;19;0;4;84
1587114304644;1587114304450;19;0;2;86
1587114304661;1587114304451;17;0;5;81
1587114304693;1587114304451;19;0;3;86
1587114305079;1587114304450;18;0;4;85
1587114305103;1587114304450;18;0;4;85
1587114308433;1587114308266;19;0;2;87
1587114308452;1587114308267;19;0;5;82
1587114308502;1587114308266;19;0;4;86
1587114308935;1587114308267;19;0;3;87
1587114312103;1587114311930;19;0;2;88
1587114312127;1587114311931;19;0;5;83
1587114312157;1587114311929;19;0;4;87
1587114312174;1587114311930;19;0;3;88
1587114312550;1587114311930;19;0;3;88
1587114316109;1587114315814;18;0;5;84
1587114316515;1587114315813;18;0;2;89
1587114316560;1587114315813;18;0;3;89
1587114316581;1587114315813;18;0;3;89
1587114316965;1587114315812;17;0;4;88
1587114319971;1587114319725;19;0;2;90
1587114319997;1587114319725;19;0;3;90
1587114320034;1587114319725;19;0;4;89
1587114320381;1587114319725;17;0;5;85
1587114323871;1587114323641;19;0;2;91
1587114323893;1587114323642;19;0;3;91
1587114323919;1587114323642;19;0;3;91
1587114324327;1587114323642;17;0;5;86
1587114324347;1587114323641;19;0;4;90
1587114327910;1587114327663;19;0;2;92
1587114327926;1587114327663;19;0;3;92
1587114327960;1587114327663;19;0;3;92
1587114327982;1587114327664;18;0;5;87
1587114328413;1587114327662;19;0;4;91
1587114331866;1587114331556;19;0;2;93
1587114331898;1587114331557;19;0;5;88
1587114331936;1587114331557;19;0;5;88
1587114332301;1587114331557;19;0;3;93
1587114332329;1587114331556;19;0;4;92
1587114335866;1587114335494;18;0;5;89
1587114336219;1587114335492;18;0;2;94
1587114336240;1587114335493;18;0;3;94
1587114336294;1587114335494;18;0;5;89
1587114337062;1587114335491;18;0;4;93
1587114339661;1587114339343;19;0;2;95
1587114339685;1587114339344;18;0;5;90
1587114339716;1587114339344;18;0;5;90
1587114339750;1587114339343;19;0;3;95
1587114340160;1587114339343;19;0;4;94
1587114343581;1587114343270;19;0;2;96
1587114343603;1587114343270;19;0;3;96
1587114343984;1587114343269;19;0;4;95
1587114344010;1587114343271;16;0;5;91
1587114347350;1587114347007;19;0;2;97
1587114347409;1587114347007;18;0;5;92
1587114347434;1587114347007;18;0;5;92
1587114347832;1587114347007;18;0;5;92
1587114347862;1587114347007;19;0;3;97
1587114348219;1587114347006;19;0;4;96
1587114348257;1587114347006;19;0;4;96
1587114351207;1587114350933;19;0;2;98
1587114351243;1587114350934;19;0;5;93
1587114351268;1587114350934;19;0;5;93
1587114351644;1587114350934;19;0;3;98
1587114351669;1587114350933;19;0;4;97
1587114355541;1587114354783;18;0;2;99
1587114355559;1587114354784;18;0;3;99
1587114355596;1587114354782;18;0;4;98
1587114355914;1587114354784;17;0;5;94
1587114358931;1587114358576;19;0;2;100
1587114358958;1587114358577;19;0;5;95
1587114358985;1587114358576;19;0;4;99
1587114359004;1587114358576;19;0;3;100
1587114362716;1587114362307;19;0;2;101
1587114362741;1587114362308;18;0;5;96
1587114362779;1587114362308;19;0;3;101
1587114363162;1587114362307;19;0;4;100
1587114366146;1587114366129;18;0;5;97
1587114366172;1587114366129;18;0;5;97
1587114366545;1587114366128;19;0;2;102
1587114366566;1587114366129;19;0;3;102
1587114366612;1587114366129;19;0;3;102
1587114366638;1587114366128;19;0;4;101
1587114367016;1587114366128;19;0;4;101
1587114367051;1587114366128;19;0;4;101
1587114370104;1587114370070;19;0;2;103
1587114370126;1587114370071;18;0;5;98
1587114370161;1587114370070;19;0;3;103
1587114370560;1587114370070;19;0;4;102
1587114370580;1587114370070;19;0;4;102
1587114374362;1587114373843;18;0;2;104
1587114374383;1587114373845;18;0;3;104
1587114374837;1587114373846;18;0;5;99
1587114375249;1587114373842;18;0;4;103
1587114375271;1587114373842;18;0;4;103
1587114377956;1587114377877;19;0;2;105
1587114377982;1587114377878;18;0;5;100
1587114378021;1587114377877;19;0;4;104
1587114378049;1587114377878;19;0;3;105
1587114378473;1587114377878;19;0;3;105
1587114381912;1587114381852;19;0;2;106
1587114381928;1587114381852;19;0;5;101
1587114381962;1587114381852;19;0;3;106
1587114382355;1587114381852;19;0;4;105
1587114385708;1587114385590;19;0;2;107
1587114385727;1587114385589;19;0;3;107
1587114385761;1587114385589;19;0;4;106
1587114385785;1587114385588;18;0;5;102
1587114389617;1587114389517;19;0;2;108
1587114389656;1587114389516;18;0;5;103
1587114389683;1587114389516;18;0;5;103
1587114390050;1587114389517;18;0;3;108
1587114390073;1587114389517;18;0;3;108
1587114390098;1587114389517;19;0;4;107
1587114393557;1587114393297;18;0;5;104
1587114393929;1587114393298;18;0;2;109
1587114393946;1587114393297;18;0;3;109
1587114394767;1587114393298;16;0;4;108
1587114397387;1587114397240;17;0;2;110
1587114397412;1587114397239;18;0;5;105
1587114397444;1587114397240;19;0;4;109
1587114397824;1587114397240;19;0;3;110
1587114401331;1587114401195;19;0;2;111
1587114401345;1587114401195;19;0;3;111
1587114401381;1587114401195;19;0;4;110
1587114401398;1587114401195;19;0;4;110
1587114401796;1587114401194;18;0;5;106
1587114405261;1587114405047;19;0;2;112
1587114405284;1587114405046;19;0;5;107
1587114405324;1587114405047;19;0;4;111
1587114405356;1587114405046;19;0;3;112
1587114405738;1587114405046;19;0;3;112
1587114409127;1587114408970;19;0;2;113
1587114409149;1587114408969;19;0;5;108
1587114409187;1587114408971;19;0;4;112
1587114409616;1587114408970;19;0;3;113
1587114413134;1587114412832;18;0;5;109
1587114413567;1587114412835;18;0;2;114
1587114413590;1587114412834;18;0;3;114
1587114413619;1587114412836;18;0;4;113
1587114414010;1587114412836;18;0;4;113
1587114414441;1587114412836;18;0;4;113
1587114416967;1587114416765;19;0;2;115
1587114416994;1587114416765;19;0;5;110
1587114417028;1587114416765;19;0;5;110
1587114417046;1587114416765;19;0;3;115
1587114417433;1587114416765;19;0;4;114
1587114420865;1587114420641;19;0;2;116
1587114420884;1587114420640;18;0;5;111
1587114420917;1587114420641;19;0;4;115
1587114421325;1587114420640;19;0;3;116
1587114424775;1587114424506;19;0;2;117
1587114424796;1587114424505;18;0;5;112
1587114424821;1587114424506;19;0;3;117
1587114425215;1587114424506;19;0;4;116
1587114428608;1587114428366;19;0;2;118
1587114428659;1587114428365;18;0;5;113
1587114429067;1587114428366;19;0;3;118
1587114429091;1587114428366;19;0;3;118
1587114429446;1587114428367;19;0;4;117
1587114429480;1587114428367;19;0;4;117
1587114432543;1587114432165;17;0;5;114
1587114432932;1587114432166;18;0;2;119
1587114432955;1587114432166;18;0;3;119
1587114432995;1587114432166;18;0;4;118
1587114436558;1587114436304;19;0;2;120
1587114436580;1587114436304;19;0;5;115
1587114436621;1587114436304;19;0;4;119
1587114437065;1587114436304;19;0;3;120
1587114437097;1587114436304;19;0;4;119
1587114440473;1587114440180;19;0;2;121
1587114440510;1587114440179;19;0;5;116
1587114440539;1587114440181;19;0;4;120
1587114440561;1587114440180;19;0;3;121
1587114440962;1587114440181;19;0;4;120
1587114440984;1587114440181;19;0;4;120
1587114444499;1587114444117;19;0;2;122
1587114444521;1587114444116;19;0;3;122
1587114444553;1587114444117;19;0;4;121
1587114444577;1587114444116;18;0;5;117
1587114448589;1587114448240;19;0;2;123
1587114448610;1587114448238;18;0;5;118
1587114448651;1587114448240;19;0;4;122
1587114449075;1587114448239;19;0;3;123
1587114452978;1587114452186;18;0;2;124
1587114452994;1587114452185;18;0;3;124
1587114453033;1587114452185;18;0;3;124
1587114453057;1587114452185;18;0;5;119
1587114453445;1587114452185;18;0;5;119
1587114453467;1587114452186;18;0;4;123
1587114456517;1587114456167;19;0;2;125
1587114456569;1587114456166;18;0;5;120
1587114456588;1587114456166;19;0;3;125
1587114456974;1587114456166;19;0;3;125
1587114457386;1587114456167;19;0;4;124
1587114460400;1587114460043;19;0;2;126
1587114460420;1587114460043;19;0;3;126
1587114460466;1587114460043;19;0;3;126
1587114460875;1587114460042;18;0;5;121
1587114460896;1587114460043;19;0;4;125
1587114463925;1587114463902;19;0;5;122
1587114464298;1587114463903;19;0;2;127
1587114464320;1587114463902;19;0;5;122
1587114464357;1587114463902;19;0;5;122
1587114464746;1587114463902;19;0;5;122
1587114464786;1587114463903;19;0;3;127
1587114464805;1587114463904;19;0;4;126
1587114467830;1587114467806;19;0;2;128
1587114467848;1587114467805;19;0;5;123
1587114467883;1587114467807;19;0;4;127
1587114467910;1587114467806;19;0;3;128
1587114468301;1587114467806;19;0;3;128
1587114472278;1587114471789;18;0;2;129
1587114472296;1587114471788;18;0;3;129
1587114472323;1587114471787;18;0;5;124
1587114473238;1587114471790;17;0;4;128
1587114475873;1587114475827;19;0;2;130
1587114475902;1587114475826;19;0;5;125
1587114475933;1587114475826;19;0;5;125
1587114476310;1587114475827;19;0;3;130
1587114476708;1587114475827;19;0;4;129
1587114479658;1587114479556;19;0;2;131
1587114479680;1587114479555;18;0;5;126
1587114479720;1587114479556;19;0;3;131
1587114480201;1587114479556;19;0;4;130
1587114483696;1587114483601;19;0;2;132
1587114483745;1587114483600;19;0;5;127
1587114483773;1587114483600;19;0;3;132
1587114484148;1587114483601;19;0;4;131
1587114484172;1587114483601;19;0;4;131
1587114487377;1587114487264;19;0;2;133
1587114487395;1587114487265;19;0;5;128
1587114487422;1587114487263;19;0;4;132
1587114487816;1587114487264;19;0;3;133
1587114491287;1587114491115;18;0;5;129
1587114491700;1587114491113;18;0;2;134
1587114491714;1587114491114;18;0;3;134
1587114492163;1587114491112;18;0;4;133
1587114495124;1587114494985;19;0;2;135
1587114495145;1587114494985;19;0;3;135
1587114495179;1587114494984;19;0;4;134
1587114495588;1587114494985;17;0;5;130
1587114499061;1587114498890;18;0;2;136
1587114499085;1587114498890;19;0;5;131
1587114499122;1587114498889;19;0;4;135
1587114499507;1587114498890;19;0;3;136
1587114501904;1587114501736;19;0;2;137
1587114501952;1587114501736;19;0;3;137
1587114502338;1587114501736;18;0;5;132
1587114502378;1587114501735;19;0;4;136
1587114502399;1587114501735;19;0;4;136
1587114505825;1587114505626;19;0;2;138
1587114505846;1587114505627;19;0;5;133
1587114505877;1587114505625;19;0;4;137
1587114506318;1587114505626;19;0;3;138
1587114509923;1587114509655;18;0;5;134
1587114510321;1587114509654;18;0;2;139
1587114510341;1587114509654;18;0;3;139
1587114510370;1587114509654;18;0;4;138
1587114510385;1587114509655;18;0;5;134
1587114513764;1587114513553;19;0;2;140
1587114513785;1587114513554;19;0;5;135
1587114513833;1587114513553;19;0;4;139
1587114514271;1587114513553;19;0;4;139
1587114514659;1587114513554;19;0;3;140
1587114517558;1587114517335;19;0;2;141
1587114517580;1587114517335;18;0;5;136
1587114517609;1587114517335;19;0;4;140
1587114517628;1587114517335;19;0;3;141
1587114521477;1587114521224;19;0;2;142
1587114521496;1587114521225;18;0;5;137
1587114521531;1587114521224;19;0;4;141
1587114521548;1587114521225;19;0;3;142
1587114525496;1587114525200;19;0;2;143
1587114525519;1587114525201;19;0;3;143
1587114525553;1587114525200;19;0;4;142
1587114525574;1587114525201;18;0;5;138
1587114525943;1587114525201;18;0;5;138
1587114529497;1587114529132;18;0;5;139
1587114529888;1587114529129;18;0;2;144
1587114529908;1587114529131;18;0;3;144
1587114529942;1587114529128;18;0;4;143
1587114533252;1587114532950;19;0;2;145
1587114533270;1587114532950;19;0;5;140
1587114533303;1587114532949;19;0;4;144
1587114533322;1587114532950;19;0;3;145
1587114536513;1587114536296;19;0;2;146
1587114536542;1587114536296;18;0;5;141
1587114536571;1587114536295;19;0;4;145
1587114536965;1587114536296;19;0;3;146
1587114536986;1587114536295;19;0;4;145
1587114539840;1587114539595;19;0;2;147
1587114539863;1587114539595;19;0;5;142
1587114539894;1587114539594;19;0;4;146
1587114540229;1587114539595;19;0;3;147
1587114542584;1587114542247;19;0;2;148
1587114542619;1587114542248;19;0;3;148
1587114542664;1587114542247;19;0;4;147
1587114542688;1587114542247;19;0;4;147
1587114543052;1587114542248;18;0;5;143
1587114546616;1587114546166;17;0;5;144
1587114546998;1587114546165;18;0;2;149
1587114547025;1587114546165;18;0;3;149
1587114547056;1587114546164;18;0;4;148
1587114550528;1587114550189;19;0;2;150
1587114550555;1587114550189;19;0;5;145
1587114550595;1587114550188;19;0;4;149
1587114550620;1587114550189;19;0;3;150
1587114554447;1587114554030;19;0;2;151
1587114554485;1587114554031;18;0;5;146
1587114554509;1587114554031;19;0;3;151
1587114554928;1587114554030;19;0;4;150
1587114557857;1587114557503;19;0;2;152
1587114557873;1587114557504;18;0;5;147
1587114557896;1587114557503;19;0;4;151
1587114557912;1587114557504;19;0;3;152
1587114561508;1587114561487;18;0;5;148
1587114561544;1587114561486;19;0;4;152
1587114561567;1587114561486;19;0;4;152
1587114561946;1587114561486;19;0;2;153
1587114561965;1587114561487;19;0;3;153
1587114565336;1587114565222;17;0;5;149
1587114565610;1587114565220;18;0;2;154
1587114565687;1587114565221;18;0;3;154
1587114566048;1587114565219;18;0;4;153
1587114568724;1587114568682;19;0;2;155
1587114568776;1587114568683;18;0;5;150
1587114569117;1587114568682;19;0;3;155
1587114569145;1587114568682;19;0;4;154
1587114572309;1587114572253;19;0;2;156
1587114572332;1587114572254;18;0;5;151
1587114572366;1587114572253;19;0;4;155
1587114572636;1587114572253;19;0;4;155
1587114572656;1587114572253;19;0;3;156
1587114575495;1587114575368;19;0;2;157
1587114575508;1587114575368;18;0;5;152
1587114575530;1587114575369;19;0;4;156
1587114575823;1587114575369;18;0;3;157
1587114578740;1587114578696;19;0;2;158
1587114578759;1587114578696;18;0;5;153
1587114578787;1587114578696;18;0;5;153
1587114579173;1587114578696;19;0;3;158
1587114579225;1587114578696;19;0;4;157
